f2 0b db a6 ff 29 ee d7 b0 46 d1 df 9f b7 00 00
11110010 00001011 11011011 10100110 11111111 00101001 11101110 11010111 10110000 01000110 11010001 11011111 10011111 10110111 00000000 00000000

58 b1 ff b4 21 0a 58 0f 74 8b 4a c7 14 c0 01 bd 
01011000 10110001 11111111 10110100 00100001 00001010 01011000 00001111 01110100 10001011 01001010 11000111 00010100 11000000 00000001 10111101


4a 61 04 44 26 fb 51 5d ad 3f 21 f1 8a a5 77 c0 
01001010 01100001 00000100 01000100 00100110 11111011 01010001 01011101 10101101 00111111 00100001 11110001 10001010 10100101 01110111 11000000



bd f3 02 93 62 66 92 6f f3 7d bf 70 35 d5 ee b4
10111101 11110011 00000010 10010011 01100010 01100110 10010010 01101111 11110011 01111101 10111111 01110000 00110101 11010101 11101110 10110100




11110010 00001011 11011011 10100110 11111111 00101001 11101110 11010111 10110000 01000110 11010001 11011111 10011111 10110111 00000000 00000000 01011000 10110001 11111111 10110100 00100001 00001010 01011000 00001111 01110100 10001011 01001010 11000111 00010100 11000000 00000001 10111101 01001010 01100001 00000100 01000100 00100110 11111011 01010001 01011101 10101101 00111111 00100001 11110001 10001010 10100101 01110111 11000000 10111101 11110011 00000010 10010011 01100010 01100110 10010010 01101111 11110011 01111101 10111111 01110000 00110101 11010101 11101110 10110100

